1
0
252
2
200027
200023
200120
200114
200035
2
2
200013
200039
200118
200031
200013
2
2
200015
200103
200112
200046
2
200210
200304
200010
1
200036
200113
200004
2
2
200031
200041
200103
200045
200021
2
2
200019
200104
200005
1
200102
200212
200312
2
2
200031
200029
200027
200219
2
200036
200038
200032
200038
2
200218
200308
2
1
200105
200027
200015
200209
2
200043
200025
200015
200122
200024
2
2
200037
200110
200027
200035
200041
2
2
200120
200114
200025
200019
200045
2
2
200005
200043
200043
200043
200037
2
2
200025
200037
200017
200009
200101
2
2
1
200017
200007
200117
200033
200207
2
200114
200118
200116
200103
200005
2
200310
200032
200032
200052
2
200038
200214
200316
2
1
200110
200101
200011
200221
2
200107
200013
200029
200017
200043
2
2
200007
200015
200009
200013
200122
2
2
200116
200105
200115
200105
1
200224
200307
200021
2
200045
200005
200007
200213
2
200045
200035
200101
200007
200009
2
2
200106
200011
1
200025
200103
200211
2
200115
200031
200023
200040
2
200208
200318
200038
200052
200038
1
200046
200204
200314
200052
2
200046
200052
200032
200220
2
1
200102
200033
200116
200031
200215
2
200009
200122
200111
101
200106
2
2
200023
200009
200114
200039
200017
2
2
200011
200029
200011
200021
200116
2
2
200041
200027
200021
1
200112
200203
2
200118
200045
200019
200041
200025
2
200306
200040
200040
200040
2
200052
200216
200322
1
200046
200010
200032
200036
200217
2
200035
200007
200104
200104
200023
2