1
0
259
107
820411
820425
2
820429
820452
2
2
820433
820421
820429
820421
1
2
2
2
820407
820425
820433
820415
820511
2
1
820403
820423
820420
820427
2
2
2
820413
820419
820403
820407
2
2
2
1
820435
820405
101
820502
820608
2
2
820433
100
820435
820513
2
1
100
820407
820417
100
2
2
2
820417
101
820425
820453
820507
2
820431
820427
820421
820435
1
2
2
820403
820435
820417
820413
820411
2
2
820415
820415
820415
820411
1
2
2
2
2
820411
820415
820409
105
2
820410
103
1
820418
820412
820512
820609
820407
2
820405
820419
820419
820521
2
820427
820433
820401
101
1
2
2
820429
820436
820418
2
820425
820501
2
820412
820420
820410
820410
1
820514
820602
820402
820418
2
2
820401
820519
2
820405
820411
820403
820431
1
820515
820601
820417
2
2
820407
820413
820509
2
820409
820419
1
820423
820421
2
820607
820435
820455
820422
2
2
2
2
1
2
101
820414
820434
820504
2
820414
820408
2
2
101
820506
2
820418
820422
820432
1
2
820505
820605
820425
820431
820413
2
820433
820503
820603
820421
1
820455
820455
102
2
820610
820404
2
820420
820422
820422
820508
2
1
820409
100
820401
820403
820517
2
820419
820405
820431
820451
820423
2
2
820401
820423
100
1
820429
820510
2
820434
820434
820416
820402
820418
2
820606
820420
2
1
100
820431
104
2
820413
820401
820453
820427
820417
2
2
820423
100
820409
820409
820405
2
107
820455
820453
820406
2
1
2