2
0
182
2
820411
820434
103
103
820432
2
2
820416
820406
820410
2
100
820502
2
103
820412
103
820422
820434
2
2
2
820417
820427
820452
820452
104
2
820418
820436
820436
820412
103
2
109
2
100
100
820407
2
820507
2
820410
820408
820432
820416
820436
2
2
820405
820401
100
820413
820453
2
2
100
820425
2
820455
820429
820506
2
103
820404
2
101
820408
820513
2
820425
820423
820402
2
820418
820509
820609
820420
2
820404
820408
820416
2
2
100
820454
820452
820410
820404
2
820605
103
2
820418
820434
2
820501
2
101
820413
100
101
2
820511
109
820408
820432
820406
2
820412
2
2
820402
820427
820407
2
820421
820505
2
820457
820411
820417
820454
820422
2
2
820454
103
820416
820432
820455
2
2
2
820407
820455
820427
820433
820517
2
820456
820421
820414
820436
820402
2
2
820403
101
820408
2
820451
105
2
820451
820453
103
820414
2
106
2
2
820435
820454
820418
102
2
2
820419
820419
100
820429
820415
2
2
820401
2
820401
820403
820454
2