2
0
182
2
820420
2
820417
820431
820451
820521
2
820410
820408
820412
820412
2
820515
820602
820422
103
103
820434
2
2
2
820434
102
820427
820455
820452
2
820601
820408
820416
2
820409
820434
2
2
820407
101
820418
2
820421
820512
2
820436
820434
820402
820427
820425
2
2
820411
820407
820455
820452
820409
2
107
100
820455
2
820419
102
2
2
820402
2
820406
103
820420
820508
2
103
103
820434
820414
103
2
2
820451
820418
820414
820416
2
105
2
100
820454
820451
100
820454
2
2
820414
103
820422
820457
820457
2
2
2
820419
100
100
820423
104
2
820416
820406
820408
2
820402
2
2
820453
820411
820425
2
820413
820507
2
2
820452
820454
103
820404
820519
2
820429
820427
820416
820418
820436
2
2
820457
103
2
820429
103
106
820610
103
2
820432
820432
820416
2
2
820409
820403
100
102
820418
2
2
820401
820410
103
820436
2
104
2
101
101
820457
820408
103
2
2
820431
820435
820453
820453
820411
2
820606
820404
2
820413
101
2
2