2
0
182
2
2
820420
820414
820406
820404
820523
2
820451
820412
103
820412
103
2
2
820455
820456
103
820404
103
2
2
820418
102
820429
101
820454
2
2
103
820416
820412
820418
820457
2
2
2
820417
820431
820405
103
820506
2
820410
103
820432
2
820406
820514
820604
2
820453
102
820429
101
2
2
820427
820427
820425
2
101
106
820608
820436
2
2
820410
103
106
2
820412
820408
820427
820416
820414
2
2
820416
103
820434
2
820427
105
820607
820403
2
2
101
820418
2
2
820414
820436
820418
820414
820416
2
2
820401
820411
820405
102
102
2
2
820420
820457
103
103
2
820510
820602
2
2
820457
820423
820431
820503
2
102
820429
820454
820427
820429
2
2
2
820414
820416
820434
820425
820515
2
2
101
820455
820432
820402
820508
2
103
103
820420
2
2
820507
820609
820405
2
820413
820401
820415
2
2
101
820434
820436
103
820434
2
2
820454
101
820452
820454
820451
2
2
820413
820407
820409
2
820421
820519
820603
820431
820403
2
2
820405
820505