2
0
182
2
820414
103
820436
820418
820422
2
2
820454
820416
103
2
2
104
820607
820403
2
820412
820416
103
2
2
2
820425
820429
101
101
820523
2
103
103
820404
2
820429
820521
2
2
820452
102
820425
820410
820502
2
101
820414
820416
820404
820418
2
2
820401
820401
820456
820423
820415
2
820605
820407
820409
2
2
101
820513
2
820408
820412
820414
820434
820434
2
2
820404
103
820406
2
820432
820504
2
103
103
820410
820420
820455
2
2
2
820418
820454
820419
820433
104
2
820427
101
820453
103
820436
2
2
820415
820419
820409
2
2
106
109
820436
2
2
103
820416
820506
2
2
820453
820421
820401
820403
104
2
820422
820427
820427
820422
2
2
820606
820416
820420
103
820436
2
2
2
820418
820454
820452
102
102
2
2
103
820408
820420
820414
103
2
2
820420
820423
820407
2
820431
820503
820603
2
820436
103
103
820414
2
2
820455
820422
820408
820412
820404
2
2
820405
820405
820405
101
820451
2
2
820411
820413
820418
820454
820453
2