1
0
259
2
820411
820413
820405
820421
820409
2
2
820413
820403
1
100
820411
2
107
820452
820425
820451
100
2
2
2
820433
820419
820403
820403
101
2
2
2
820431
820415
100
820413
104
2
820431
820453
1
100
2
820503
2
820423
100
820409
820422
2
820507
2
2
820415
100
820431
1
104
2
1
820421
101
101
102
2
2
103
1
820432
820429
1
2
2
1
820405
820413
820417
820417
2
109
2
1
820421
820415
820423
2
2
820403
820417
820411
2
820453
820508
2
100
100
820435
2
1
820511
2
820429
1
100
820411
2
820519
2
820409
820420
1
820401
820401
2
820601
100
2
100
820425
820403
2
2
101
820457
2
1
820429
820506
2
820436
2
820431
820433
100
820510
2
820408
1
820419
820452
820435
2
2
820435
820429
820417
2
820431
820509
820609
820455
102
2
820413
101
2
2
820405
820407
820401
820456
820456
2
820607
820456
2
102
103
2
820521
820610
820434
2
820433
820408
103
2
2
1
820404
820404
820402
103
2
2
2
820409
820452
820409
100
105
2
820406
103
103
820432
820402
2
820603
2
101
820423
101
820421
2
2
820417
100
100
820405
820425
2
2
820407
820411
1
2
820457
820514
820602
820432
1
2
820419
100
2
2
820412
103
1
820455
820418
2
2
820427
820433
820407
820435
100
2
2
100
820427
1
820407
2
820504
2
2
820423
101
820410
820416
820515
2
103
820402
2
820406
1
820501