2
0
182
2
2
820451
820405
820405
100
820521
2
820453
820410
820417
820457
820457
2
2
820433
820413
820415
100
820435
2
2
820451
820455
820425
820409
820455
2
2
2
2
820431
820433
100
104
2
820407
820423
820411
820401
820431
2
2
820435
820417
100
100
2
2
2
820427
820435
2
820451
103
2
2
820436
820422
820402
2
820405
820506
2
820432
103
2
2
820421
104
2
101
101
820420
820420
820418
2
2
820406
820402
820434
820425
2
2
820601
100
2
820423
820431
820432
106
2
103
820404
2
2
101
820505
107
820420
2
2
820435
820415
105
2
102
102
820432
820410
2
2
2
820401
820411
820407
820423
820410
2
2
820419
820419
820454
102
820420
2
2
820418
820418
820429
820418
820434
2
2
2
820403
820456
103
103
820514
2
820422
820425
820409
2
820452
820513
2
2
100
820418
820429
820425
820519
2
101
820429
103
2
2
820501
820609
100
2
101
820417
820427
2
2
103
103
2
820408
820414
820510
820603
820403
2
100
100
820422
820523