2
0
182
2
103
820434
103
2
820434
820506
2
820406
103
820404
2
2
820501
820609
820422
2
103
103
820408
2
2
820425
820425
820425
101
820452
2
2
820414
103
820406
2
820414
106
820608
820420
820412
2
2
102
820510
109
103
2
2
820420
820402
2
2
820433
820407
101
101
2
820505
820607
820409
101
2
2
101
820508
820610
820410
820414
2
2
820436
820502
2
820416
820404
103
820414
103
2
2
820418
820420
820416
103
820416
2
2
820453
820453
101
820454
820455
2
2
820404
820402
820418
103
820404
2
2
820457
820419
820409
820421
2
820514
109
820436
2
820414
820402
103
2
2
2
101
820454
820435
100
820519
2
2
820427
820429
820425
820409
820517
2
2
820436
820436
820418
820425
105
2
2
820418
820457
820417
820429
820521
2
820402
820416
820422
820412
820412
2
2
820417
820401
820421
820422
820456
2
2
820454
820422
103
820436
103
2
2
102
820429
820453
820451
101
2
2
820419
820431
820407
820457
820451
2
2
820403
820405
820415
820403
820403
2