2
0
182
109
820436
820420
820456
2
100
2
2
100
100
820453
820415
820405
2
2
100
820427
820411
100
101
2
2
820410
820410
2
820405
820419
820502
2
820413
100
103
820432
820456
2
2
820456
820404
820429
2
820453
820504
2
103
820422
2
820411
100
106
2
820451
101
2
820420
820422
820523
820607
820429
2
101
820423
820451
2
2
820452
820411
820435
101
820413
2
2
820408
103
820408
103
820418
2
2
820404
103
820434
2
820402
820511
2
820415
820405
820413
820433
100
2
2
820432
820406
820412
820418
820457
2
107
820453
820451
820431
2
820431
2
2
820402
820418
820432
820402
2
820513
107
100
2
100
820413
103
2
820603
2
101
820406
820404
2
820503
2
820454
820416
820404
820425
103
2
2
100
820403
820451
100
2
820501
2
820417
820431
820410
820429
820455
2
2
820433
103
820418
2
820429
104
2
820423
820402
820427
820454
820425
2
2
820409
820453
101
103
820434
2
2
820401
820433
2
820427
820415
2
2
820412
820434
2
101
820452
2