1
0
266
820610
820416
2
1
820411
820411
2
109
103
820420
2
2
820431
820503
2
820432
820408
820410
820432
1
2
2
820425
820432
820427
103
820402
2
2
1
820433
100
820403
820416
2
2
820402
820436
820416
820436
820412
2
820608
820410
1
820408
820406
820436
2
2
820431
101
820453
820452
820454
2
2
820405
820415
102
820455
1
2
2
100
820429
2
820423
100
820511
820604
1
2
820407
820405
100
820517
2
820453
100
820403
820415
820409
2
2
820454
820410
2
2
820451
106
109
2
1
820401
100
820427
2
2
820404
103
820402
820416
820408
2
2
1
820425
820436
2
820404
820515
820607
100
2
820421
100
820403
2
820605
820415
1
2
101
101
820504
2
2
820403
820435
820401
820433
2
2
820452
820406
103
820404
1
2
2
820407
100
100
820421
820407
2
107
820423
820431
820422
2
1
2
2
820457
820453
820457
820454
820429
2
2
820429
820407
101
2
820405
104
2
100
100
820413
820419
1
2
2
2
2
100
820456
820453
820510
2
1
100
820419
820407
100
820509
2
820408
820416
103
103
2
2
820602
820434
820412
820406
1
2
2
2
820417
820421
820451
101
820456
2
2
820412
103
1
820453
103
2
2
820413
820427
820455
820427
820413
2
2
820421
820454
103
103
1
2
2
2
820405
820409
820413
820417
2
2
1
820434
820414
820402
820406
2
2
820455
820457
820452
2
2
820502
820606
103
2
2
1
102
820513
2
820409
820414
2
820434
103
820508