1
0
448
2
2
2
2
2
2
2
2
1
2
2
820451
820433
2
2
820411
820429
2
101
102
2
2
1
2
820405
820407
820419
2
820607
820418
2
2
820432
820418
2
2
2
2
820402
103
1
2
2
820433
100
100
2
2
2
109
820432
820416
2
2
1
2
2
102
820404
2
2
103
820515
109
103
2
2
820453
820410
2
2
2
2
100
820427
1
2
2
2
2
2
2
2
2
2
2
1
820427
820402
820455
820508
2
820436
103
820406
2
2
2
2
1
2
820423
100
820422
2
2
2
820427
820436
100
100
2
2
2
2
1
820454
820457
820502
2
2
2
820408
820406
2
2
2
820429
820423
2
1
100
820503
2
2
2
2
2
820413
820521
2
820410
103
2
1
820401
104
2
100
820409
2
820412
100
2
820609
820401
1
2
2
820454
820517
2
820427
820455
2
2
2
2
2
2
2
820432
820435
1
2
2
820412
820410
820404
2
2
2
2
820402
820420
2
1
820403
820505
2
2
2
820453
820456
820414
106
2
1
820413
820415
820405
100
2
2
820413
820433
101
820416
2
2
2
2
1
2
820433
820406
2
2
820421
103
103
2
2
820512
820605
2
1
820429
820411
820412
2
2
820452
820402
2
2
2
2
2
103
820408
2
2
1
2
2
2
2
2
2
2
2
2
820419
100
820431
820431
1
2
2
101
820454
820410
2
2
2
2
1
820403
820409
2
820429
104
2
820453
820432
103
2
2
2
2
820408
820401
820455
103
1
2
2
820451
100
2
820415
100
2
2
1
2
820457
100
820423
2
2
2
820435
820456
102
103
2
2
2
2
100
820455
1
2
2
820417
101
820454
2
2
2
2
2
2
1
2
2
2
2
100
820431
2
100
820415
2
2
101
101
820412
2
1
820514
820608
2
2
2
820403
820417
2
2
2
2
820420
820434
820432
2
2
820456
102
2
1
2
2
820604
820422
2
820434
103
2
2
2
820457
103
103
2
1
820519
820603
820454
820425
820407
2
2
2
820606
103
2
1
100
820427
2
2
820403
100
102
2
2
2
2
820423
820415
2
1
820411
105
2
2
2
820421
820417
101
2
2
1
820456
820452
820452
820456
2
2
102
820436
820422
2
2
2
2
1
2
820435
820421
820405
2
2
2
2
2
103
820408
2
2
1
2
2
100
820431
2