1
0
259
2
100
100
820401
820407
820413
2
2
820433
820419
101
820423
820411
2
2
820456
820453
820407
100
820407
2
2
100
820411
820422
820455
1
2
2
2
820451
820417
820413
100
820503
2
1
2
820453
820457
820456
820512
2
820451
820421
820433
1
2
104
820603
820401
2
820421
100
1
2
2
820455
820406
820412
820434
820434
2
2
820408
820436
820402
820406
820408
2
2
820453
101
820423
820401
100
2
2
820423
820405
1
2
820420
820507
820601
2
820433
100
820451
1
2
2
820411
820423
101
2
820452
820513
2
1
820435
100
100
820455
2
2
820431
820431
100
820417
820415
2
2
1
2
820419
100
820409
104
2
820452
101
1
2
820454
106
820608
2
2
820405
820419
100
820505
2
1
2
820435
100
100
820517
2
820425
820425
1
2
100
104
820609
820429
2
1
820432
820416
2
2
820419
820417
100
820452
1
2
2
820457
820452
102
102
1
2
2
820432
820402
2
820436
820432
106
820606
1
2
103
820408
820404
2
820604
820434
2
820411
820415
820417
2
2
820404
820416
820416
820418
2
820509
820607
820435
1
2
101
101
2
2
100
100
820455
820435
820419
2
2
820421
100
100
1
2
820510
820602
103
2
2
820405
820421
820501
2
820414
103
820432
103
820414
2
2
820407
820403
820413
820421
820423
2
2
102
820429
820429
820433
820431
2
2
820413
820413
820456
820454
101
2
2
820420
820418
820410
103
1
2