2
0
189
820607
102
820416
2
2
820432
105
820602
820436
820406
2
2
100
104
2
820420
820404
820404
820422
103
2
2
820451
100
820452
2
820456
106
2
820406
102
820408
2
820406
820506
109
820418
2
2
100
820420
820514
2
103
820422
820457
820452
103
2
2
100
820452
820412
820432
2
820523
820601
100
2
2
820434
820434
105
2
820414
103
2
820436
820414
106
2
820432
102
820434
820406
820418
2
2
100
820418
103
820420
820455
2
2
103
820432
820418
103
820402
2
2
100
820456
820454
101
820422
2
2
101
820451
820402
102
820410
2
2
102
820420
820456
103
820404
2
2
103
820408
820422
103
820416
2
2
820404
103
820432
102
820457
2
2
820456
101
820420
820457
103
2
2
820422
103
2
820404
102
820512
2
2
820436
102
820455
102
820510
2
820408
2
103
820402
103
820515
2
820452
820453
820436
103
820436
2
109
820416
2
820416
820416
103
2
2
100
820457
820451
2
820451
104
820605
820457
2
820453
820451
2
104
2
820412
820410
103
820418
820454
2