2
0
182
109
2
820452
820422
820414
820414
2
820606
820436
820416
820436
2
820422
2
2
820427
2
820414
820432
820420
820515
2
103
820406
820457
820453
820410
2
2
820456
820455
820416
2
820408
820502
2
820404
2
820411
100
820451
820503
2
103
820434
820406
820404
820457
2
2
100
100
2
820407
820453
104
2
820410
2
820413
820427
101
820519
2
820425
820408
103
820418
820454
2
820607
2
820414
820402
103
103
2
2
820433
820427
820454
820416
103
2
2
100
820402
820456
820457
820452
2
820603
820409
820420
2
820422
103
2
2
820419
820456
820435
100
820427
2
2
103
820412
2
820429
820435
820514
2
820455
2
820419
820413
100
820521
2
820421
2
820420
820434
820418
820506
2
820420
103
820418
103
103
2
2
820429
820433
820451
102
820456
2
820605
820422
103
820408
2
820455
2
2
100
820435
100
820420
2
106
820608
820414
2
103
820406
102
2
2
820411
820454
820452
820452
820432
2
2
101
101
820429
820451
100
2
2
2
820418
820425
2
820401
2