2
0
182
2
2
820420
820404
103
103
820502
2
820416
103
820418
820410
820402
2
107
820403
820415
2
820402
103
2
2
820427
102
820427
101
820422
2
2
820422
820456
103
820414
103
2
109
820412
820434
2
2
820410
820504
2
103
820414
820420
820416
820436
2
2
100
100
820452
820409
820435
2
2
820454
820427
820425
820429
820451
2
2
103
103
820414
2
820412
820514
2
820406
820432
820454
820453
820453
2
2
820418
820457
103
820412
2
2
820605
100
820401
820451
2
2
820508
820610
820436
820408
2
2
820427
105
2
820415
820409
820415
820427
820429
2
109
820410
2
820408
103
820406
2
2
101
820422
2
820431
820401
820523
107
820409
2
820403
820403
820405
2
2
103
103
820436
2
820418
820515
2
2
820454
820457
820425
102
820521
2
2
820404
820434
820422
103
820506
2
820402
820410
2
2
820433
820519
2
101
820412
103
820420
820457
2
2
2
820455
820406
820404
820425
820511
2
820405
100
820409
820411
820403
2
2
820417
820407
820431
820456
2
2