4
0
126
107
100
2
200027
100
100
104
2
200021
100
101
101
101
2
2
100
101
103
103
200008
2
2
101
101
101
200037
100
2
2
100
100
100
200117
103
2
2
101
101
200018
200038
200036
2
2
103
200038
200022
200052
2
106
109
200038
2
2
100
101
104
2
200033
100
100
2
200013
200221
2
101
200041
101
200119
200028
2
2
200032
103
103
103
200052
2
2
101
101
101
101
200121
2
2
100
200033
100
100
101
2
109
103
200046
103
2
200046
106
2
2
100
101
200114
200114
2
2
2
100
100
101
200122
2
2
100
100
100
100
101
2
2
2
103
200038
103
2
200228