1
0
280
820608
2
1
100
820415
820403
2
2
820431
100
101
820417
820431
2
2
2
820454
820433
100
820409
1
2
101
820419
820407
820435
820427
2
2
820454
2
820455
101
820421
820519
1
820455
820417
2
820423
100
2
1
2
820401
100
820421
101
2
2
820401
820413
820429
820454
2
820502
820606
2
2
820409
100
820425
1
2
820403
2
820415
820419
100
1
2
820435
100
820417
2
820423
820505
820609
1
2
100
100
2
820517
2
2
820425
820406
820408
820408
820521
2
820413
820409
2
820411
820401
1
107
820453
101
820435
2
2
820503
2
820411
820431
820405
820453
820411
2
2
820419
2
820413
820407
820452
820504
1
820410
820429
103
820412
2
2
820603
820405
100
2
100
2
1
2
820417
101
820419
820401
820407
2
2
103
103
820414
820425
820415
2
2
2
100
820411
820413
101
1
2
820423
820423
102
820410
2
106
2
1
2
100
820456
820435
820513
2
820407
820405
820401
2
100
820511
820610
820434
820434
2
2
820417
820501
2
820427
820407
820403
101
820433
2
2
820421
820411
1
820431
2
820509
107
2
103
820410
820429
820413
2
2
1
820412
103
820402
820429
2
2
100
820435
100
1
820405
2
2
820415
100
820425
820409
2
820508
820604
820425
820414
2
2
100
1
2
820402
820427
820423
100
820453
2
2
2
820403
101
820433
100
1
2
820429
820421
100
820427
101
2
2
820433
820455
820421
820403
2
1
2
103
820402
820427
2
820419
820507
2
101
820415
820431
820405
2
1
2
820409
820433
101
103
820412
2