1
0
301
2
1
100
820403
100
820419
2
2
820403
820435
820431
820408
820410
2
2
1
820423
101
820433
820456
820503
2
820406
820416
820412
2
2
820502
109
103
1
820414
820402
2
2
2
820421
100
820413
100
2
2
2
1
820429
820409
820419
820405
2
2
820423
820413
100
820411
100
2
2
1
100
820401
820405
820407
2
2
820454
820408
103
103
820406
2
2
2
820411
101
820451
820431
2
2
103
820436
820404
103
1
2
2
820408
820414
820418
2
820429
104
2
1
2
820456
820421
820455
820505
2
101
820456
820406
820412
820408
2
820604
820412
1
2
820403
820417
2
2
820425
101
820451
820407
820401
2
2
820435
820431
103
820422
1
2
820607
820433
820405
820435
2
2
2
820606
820402
103
820434
2
1
2
2
820413
102
2
2
820403
820515
2
820404
820410
820410
1
820412
820504
2
103
103
820436
820420
820416
2
2
820452
820453
820453
820432
1
2
2
820417
820415
100
100
2
2
2
820418
820422
103
1
2
105
820610
820414
2
2
100
100
2
107
820453
2
2
1
100
820519
2
2
820457
820432
103
103
820506
2
1
2
100
820415
820423
820513
2
820429
820407
820407
820434
101
2
107
102
2
1
820452
820402
2
2
820457
820452
102
102
820427
2
2
103
820412
1
820416
820432
820523
820608
2
2
820452
820455
820457
820511
2
820456
820455
820457
820457
1
2
2
820416
820404
820408
103
103
2
2
1
101
820420
820427
820411
2
2
820427
820409
100
100
820433
2
2
1
2
820405
820423
100
104
2
100
820419
101
820404
820434
2
2
100
820433
2
1
102
820521
2
820455
820454
820455
820406
2
2