1
0
259
2
2
820451
820401
820409
820401
820503
2
1
820454
820451
2
820411
104
820603
2
820452
820417
100
820433
2
2
820427
820417
100
820401
1
2
2
820455
820455
820435
820431
820405
2
2
820423
820413
1
100
100
2
2
820421
100
100
820407
820431
2
2
100
820421
100
820405
1
2
2
820435
100
820452
820455
820453
2
2
103
820410
820402
103
1
2
2
820413
820435
820405
820453
820407
2
2
820415
820415
100
820413
100
2
2
820431
820433
820411
1
2
104
107
101
2
2
820433
820419
820515
2
1
2
820412
820406
820406
820513
2
2
100
820403
820411
1
2
2
820452
820457
820434
820410
2
820511
820602
1
2
820431
100
820435
2
2
1
2
820413
100
100
820512
2
100
820409
820423
2
820417
104
820605
820456
1
2
820408
820410
2
2
100
820423
820456
820456
820457
2
2
101
820456
1
2
820422
106
820604
103
2
820432
820432
820432
2
2
1
820408
820410
820434
820418
2
2
820432
820406
102
820427
820415
2
2
820408
103
820420
1
2
820523
820601
820405
2
2
820423
820423
820509
107
820407
1
2
100
820413
2
2
820401
100
820455
102
820427
2
2
100
100
820419
1
2
820504
820606
820434
2
2
820419
100
820507
2
820412
820432
1
820404
103
2
2
820411
820403
100
820415
820421
2
2
820429
102
820427
820429
820454
2
2
100
820411
820433
820452
820420
2
2
820451
103
820408
820416
1
2