1
0
259
2
820411
820433
820405
820453
101
2
2
820423
820413
2
820407
100
820505
2
820429
820429
820419
100
820417
2
2
820409
820419
100
101
1
2
2
820418
820420
820423
820403
820433
2
2
820403
100
1
100
820401
2
2
100
820411
101
1
2
820503
820605
820433
2
2
101
820456
820515
2
2
820456
820456
103
820410
820504
2
1
820455
820404
820434
103
2
2
820417
820405
100
2
820435
104
2
1
2
101
820413
100
820507
2
2
1
820413
820401
100
820501
2
100
100
820403
820452
1
2
2
820415
820407
820455
820423
820423
2
2
820456
820457
820451
2
820419
820509
820607
1
2
100
100
820431
2
2
102
820425
820425
1
2
820502
820602
2
2
820433
820417
100
820521
2
1
100
820401
820419
820405
2
2
820413
820415
820415
1
2
104
107
820452
2
820408
820412
820406
2
2
100
100
820407
820411
1
2
2
101
820452
820411
820455
820422
2
2
820402
820402
1
2
820452
106
820606
820408
820418
2
2
820429
105
2
820410
103
820418
820456
1
2
820603
820435
2
2
820451
820427
820511
2
100
820409
2
820427
820425
820513
107
820407
1
2
820431
820411
2
2
100
820421
2
820405
820415
820506
820604
1
2
820431
100
820421
2
2
820404
820432
1
103
820402
2
2
820425
820403
820454
820433
820409
2
2
820427
820427
2
100
100
820519
2
820421
820431
100
820457
820457
2
2
820406
820410
103
820406
1
2