1
0
294
2
820434
820406
103
1
2
820509
2
100
820454
102
820416
820418
2
820608
2
103
820402
103
820422
2
2
2
820419
100
820457
820456
820504
1
2
100
820415
820409
820429
2
2
101
820457
820453
820427
103
2
2
100
2
820417
820423
100
820513
820609
2
100
820411
820405
101
2
2
1
820434
820416
2
103
820506
2
820410
820436
2
1
820411
104
2
820455
820414
820420
820408
820408
2
2
820415
100
820405
820453
102
2
1
820423
820455
820457
103
2
2
2
820409
2
100
100
820435
820521
2
820420
820422
103
820410
820436
2
2
820453
103
820414
103
820420
2
820604
820404
2
820408
820432
2
106
2
1
100
820431
820407
820455
2
2
103
820410
820422
102
820410
2
2
820433
102
820432
820402
103
2
1
820411
2
820403
101
820453
2
2
820427
820415
2
820401
100
820512
1
2
820433
100
2
820413
2
1
2
101
820427
820411
100
2
1
820403
820407
820455
820456
2
2
109
820416
103
2
1
820405
2
2
820414
820404
103
2
820416
1
2
820401
100
820452
820455
2
2
820601
820457
2
1
820415
100
2
2
103
820408
820418
820406
820402
2
1
820406
820432
820434
2
2
820503
2
102
820402
103
820418
1
2
820605
101
820425
820409
102
2
2
2
820421
820409
100
820425
101
2
1
2
820431
2
100
820409
820523
820610
2
2
820407
820435
820454
1
2
100
101
820454
820412
820414
2
2
820422
820427
2
103
1
820514
2
103
2
2
100
820403
820511
820607
2
820403
820435
100
2
104
1
820407
820413
2
100
820421
2
109
1
2
820421
820417
100
2