2
0
182
2
820409
820454
101
103
2
820514
2
820423
820431
820422
2
820434
820519
820605
101
2
103
2
820403
106
820606
2
820402
820429
101
820423
2
820602
820404
2
820436
820434
103
2
2
100
820419
820404
820427
820409
2
2
820418
820435
820434
102
103
2
109
2
100
820454
820416
820432
2
2
102
820456
820432
820423
2
820523
2
103
103
103
820412
820410
2
2
820402
103
820402
820454
820422
2
820604
2
820420
2
820417
820419
820511
2
100
820453
820456
820406
820412
2
2
820414
820416
820410
820422
2
820513
2
2
820413
820417
820413
820401
820515
2
820407
820417
820405
820407
100
2
2
820427
820411
820452
2
100
820517
2
820403
820425
820413
2
100
105
2
820435
820455
820421
2
820417
104
2
820425
820405
820408
103
820418
2
820610
820416
820412
2
820456
820436
2
2
103
2
100
820420
820457
2
2
820429
820404
820416
820404
820429
2
820603
820411
2
820401
101
820421
2
820607
820451
820422
2
100
820454
2
2
820405
820407
820414
2
820453
2