1
0
259
107
1
100
2
820421
820407
2
2
820413
1
2
820403
101
820501
2
820415
820427
820435
100
820415
2
2
1
820433
820403
820435
820456
2
2
103
820410
1
2
820413
106
109
820420
102
2
2
103
820506
2
100
820415
1
820408
2
104
2
103
2
100
820431
820455
820503
2
1
820423
820411
820409
820408
2
2
820422
820436
103
103
2
820509
2
100
100
100
100
820405
2
2
1
820421
820425
103
2
820505
2
820453
820418
820423
820453
820435
2
2
820433
820409
820455
820432
820404
2
107
1
2
100
820411
820425
2
2
1
820457
1
820401
102
2
2
820417
820401
820409
820451
2
820507
2
820436
820434
1
820425
820414
2
2
820457
1
820431
820433
100
2
2
100
820403
820407
820415
820452
2
2
820401
820429
820457
1
101
2
2
820455
820414
820406
820457
2
820502
820601
820456
820406
102
2
820416
2
820608
820434
2
820453
820410
2
820512
2
101
820452
103
820402
820402
2
2
820412
820432
1
1
820431
2
2
820431
103
820420
820436
2
820521
2
2
820451
820419
100
820451
820504
2
820408
103
1
100
820433
2
820609
820419
100
100
820405
2
2
2
820454
101
820412
820414
820406
2
2
2
101
820433
820419
103
820510
2
820406
1
820415
820429
820427
2
2
820452
820408
820418
2
100
820508
2
820432
2
820451
820452
820411
104
2
820421
100
101
820455
1
2
2
820410
1
820427
820418
820420
2