1
0
273
2
1
2
820403
820415
820421
820503
820608
2
2
820433
820407
820403
2
2
101
820412
820410
820414
1
2
2
820451
820417
820419
100
820415
2
2
820405
820407
1
101
101
2
2
820433
820404
103
820406
820408
2
2
820435
100
820417
820433
1
2
2
2
2
820457
820427
820427
820517
2
820452
820457
103
1
820418
820511
2
820454
820455
2
103
820412
820502
2
1
2
820407
100
820419
820501
2
820402
820410
820436
820402
103
2
2
820415
820453
820454
820432
1
2
820606
820413
820415
100
820452
2
2
2
820425
820418
820402
820422
1
2
2
820436
820436
820418
820429
820452
2
2
820455
102
1
2
820453
820521
2
2
2
100
820403
100
820509
2
820417
100
820423
1
100
820515
2
820429
820409
820453
820455
820454
2
820601
100
1
2
820421
820401
2
2
103
820402
2
2
820417
820519
2
820410
103
820404
820416
1
2
820603
103
103
820420
820425
2
2
2
1
820431
100
820454
820451
820507
2
820404
820406
820406
820420
820434
2
2
1
100
820413
100
820423
2
2
820419
820411
820409
101
2
2
2
1
820403
102
103
820416
2
2
820457
820413
820455
2
820404
820514
2
820408
103
2
1
820435
820505
2
820456
820452
103
820410
820432
2
2
100
820405
820431
1
820431
820513
2
820422
820434
820416
820408
103
2
2
1
2
820435
820401
100
104
2
820407
820435
100
820451
820413
2
2
101
820414
103
820418
820406
2
820604
820420
1
2
820453
820436
2
2
820427
101
2
2
820425
820508