2
0
189
820608
103
2
2
820417
820431
820507
2
820434
103
820422
102
2
820504
820606
820436
2
2
100
100
820509
2
820402
820432
820418
820432
103
2
2
820410
820420
820420
820408
820420
2
2
2
100
100
820419
820457
2
2
820451
100
820419
820433
101
2
2
820425
820405
2
100
820417
105
820605
2
820431
820451
100
820415
2
2
102
820410
820406
2
2
104
2
820454
103
820412
820422
2
820510
2
820432
820404
820434
2
2
104
2
101
820412
820402
820406
2
106
2
820416
820422
103
820412
820402
2
2
103
820414
820410
820420
103
2
2
103
820416
820404
820418
103
2
2
820452
820453
820453
2
102
820512
820601
820423
2
100
2
820410
106
820604
820418
820436
2
2
100
820515
820609
100
820419
2
820409
820419
2
2
820433
101
103
820434
820418
2
2
820455
102
102
820410
2
820508
2
2
820455
103
103
820408
820523
2
820427
820435
820423
100
101
2
820610
2
2
820455
820454
820422
2
2
100
102
820427
820453
820434
2
2
101
820456
820456
103
2
820506