2
1493
196
2
820416
103
820416
2
2
2
820608
103
2
2
101
820453
820510
2
2
820401
820401
820451
100
820501
2
2
820453
820453
820453
820425
820503
2
820401
820403
2
101
820451
2
820601
100
820452
820436
103
2
2
820607
820403
2
100
820401
820401
2
107
820453
820425
101
2
820427
2
820610
820436
103
2
2
820403
820505
2
100
2
820403
820403
820431
820511
2
103
820416
820414
2
820416
2
2
100
101
820452
820452
820436
2
2
101
101
820412
2
2
820507
820603
820431
2
820431
100
820405
2
107
820425
820431
2
820431
101
2
2
820405
820451
2
100
100
820523
2
820427
820407
820405
102
2
820513
2
820452
103
820420
820416
820414
2
2
820454
2
820425
820405
100
104
2
820407
820405
820407
2
100
104
2
2
2
820451
820407
820452
106
820602
2
2
820409
2
820407
820517
2
820414
820420
103
103
2
820508
820606
2
2
820411
820409
820409
105
820605
2
820409
820413
100
820420
2
2
820455
820436
103
820420
2
106
2
820412
820414
2
820422
102
820515
2
103
820422
820410
820436
2
820506