2
0
252
109
2
2
200116
200115
200029
2
2
200005
200102
200009
100
101
2
200318
103
200046
103
200026
2
2
2
200025
200021
101
200037
100
2
2
2
200019
100
200015
101
200212
2
2
200103
200005
101
200101
106
2
200052
103
200010
200036
103
2
2
101
101
200105
200118
200045
2
2
200117
200122
200037
100
100
2
2
101
200101
200112
200027
100
2
2
200112
200121
200041
100
101
2
108
103
2
2
200108
200109
2
2
2
2
101
101
200121
200225
2
200009
200033
200119
200109
200021
2
2
200029
101
200118
200021
200114
2
2
200007
200109
200109
200017
200113
2
2
200110
103
200018
200040
2
200227
200309
200046
200010
2
2
100
104
2
200021
100
100
200107
200103
2
2
200106
200118
200115
103
103
2
2
200103
200022
103
200010
103
2
2
101
200110
200107
200039
200025
2
109
200006
2
2
101
200017
200229
2
200019
200043
200033
101
200027
2
2
200032
200040
200036
2
2
200203
107
100
2
200103
200023
200023
2
2
200039
200106
200023
101
200006
2
2
2
200029
200027
200052
200026
200218
2
2
200113
200121
200033
100
104
2
200101
200045
2
200043
101
105
2
200030
103
2
200008
103
2
2
200041
200117
200113
103
200024
2
2
200027
101
101
200104
200019
2
2
101
101
200120
200110
200116
2
2
103
200036
200028
200020
200046
2
200319
100
2
200122
200112
200120
106