2
0
203
820608
820414
2
2
820405
820423
2
2
100
820405
101
820453
820457
2
2
820404
820412
2
2
101
820502
2
2
820411
820431
820452
820420
2
2
820413
820407
820457
820457
820452
2
109
103
2
2
820401
820411
820521
820607
100
2
820406
103
2
2
2
101
820455
820453
102
2
2
2
820434
820408
820432
820436
2
2
2
820419
100
820422
820422
820414
2
2
2
2
820436
820416
103
820515
2
2
2
820435
820435
820433
104
2
820409
820403
820401
820411
2
2
2
103
820434
820416
820418
102
2
2
2
2
820411
820423
820419
105
2
102
820429
102
2
820422
820511
820605
820423
2
101
101
820454
2
2
2
820419
820409
2
101
106
2
820436
103
820420
102
820429
2
2
820417
100
820407
820409
100
2
2
2
2
820455
820454
103
106
2
2
2
820413
820417
820431
104
2
100
820433
820429
2
820427
820517
2
100
820421
820408
2
820416
106
2
2
2
820405
820412
100
820519
2
2
100
820403
100
820405
820501
2
820412
820431
2
100
100
2
2
2
820413
820433
820433
101
820508
2
820420
102
820425
820451
2
2