2
0
182
2
820420
820408
103
820412
820436
2
820610
820432
820416
820422
820436
2
2
2
820404
820418
820406
820432
820416
2
2
102
102
820429
2
820425
820511
2
820422
103
820436
2
820418
106
109
820416
2
820416
820416
103
2
2
820412
820410
103
2
820406
106
2
2
820409
100
820409
820453
2
2
820411
820415
820409
820452
820417
2
2
101
820406
820408
820429
820429
2
2
820414
103
820402
2
820452
820512
2
2
820452
103
103
820434
2
820603
820419
100
820453
101
2
2
2
103
820432
820420
820414
820414
2
2
820407
100
820405
820456
2
820502
109
820436
2
2
820406
820408
820523
2
2
101
820455
820435
820409
820519
2
101
820456
820418
2
2
820505
820607
820421
2
820414
103
820410
2
2
820418
820454
2
820402
103
820504
2
103
103
820432
820420
820423
2
2
820405
100
820403
820451
820420
2
2
820408
820436
820412
820418
820457
2
2
820454
101
820425
820427
820427
2
2
820403
820417
820423
2
820403
820509
2
820455
820421
100
820454
101
2