1
0
259
2
820435
820403
820457
820419
820435
2
2
820457
820455
820435
820413
820411
2
2
100
820435
820454
820423
100
2
2
1
2
101
820415
820433
104
2
2
820401
820411
820417
820421
820517
2
820401
820423
100
1
2
820507
107
820423
2
100
820421
1
2
2
2
820451
820452
820455
820412
820510
2
103
820434
820410
820410
1
2
2
820433
820407
2
820407
820413
820515
2
1
2
820451
100
820419
820503
2
820415
820405
820431
100
820431
2
2
820409
100
820456
1
2
104
820609
100
820457
2
820411
100
2
2
1
2
820433
820431
820456
105
820606
2
1
2
102
102
820521
2
820427
820427
2
1
103
820508
820602
2
2
820407
820401
820407
820513
820601
1
2
820401
100
100
2
2
820429
820425
820427
2
100
820501
107
820456
1
2
820434
103
2
2
100
820431
820419
820457
820455
2
2
820453
820453
101
1
2
820514
820608
820434
2
820434
820404
820432
2
2
1
820414
820404
103
820404
2
2
103
820412
1
100
820401
2
2
820406
820404
102
820425
1
2
820605
820413
820422
2
101
820451
2
2
820451
820413
820421
100
820454
2
2
820431
100
820415
820422
820422
2
2
100
820433
100
820405
2
820506
820604
820410
820420
2
820433
820415
2
2
820402
103
1
103
820402
2
2
100
820411
820413
820403
820405
2
2
820425
820429
1
2
100
104
2
820417
820419
820417
820453
101
2
2
820452
820402
103
820408
1
2