2
0
182
2
820402
820404
820412
820432
820422
2
2
820408
103
103
2
820427
820511
820607
100
2
820404
820402
2
2
820606
820434
820427
820427
820429
2
2
2
820420
820418
820454
820404
820434
2
2
820431
100
820401
820454
820452
2
2
820410
103
820432
820422
820420
2
2
820452
101
820425
101
820454
2
2
820427
101
820429
102
820429
2
2
820416
103
820434
2
820402
820508
2
820425
102
820436
103
820414
2
2
820414
820416
820408
820420
2
2
2
100
820403
820415
101
2
2
109
103
820414
820418
2
2
820507
107
820405
2
2
820457
820451
106
109
2
2
820410
820410
103
820506
2
2
820455
820452
820409
820401
820503
2
101
820457
820453
820418
820456
2
2
820412
103
820406
2
820404
820510
2
820429
820429
2
820427
820425
820513
2
101
820420
103
820406
820432
2
2
820403
820411
100
2
100
820519
2
2
820436
820414
820414
820418
820515
2
820418
820454
820416
820416
103
2
2
820411
820409
820403
820453
101
2
820602
820436
820412
2
820401
100
2