2
0
182
2
820457
2
103
103
820414
106
2
103
820434
820414
820412
820420
2
820605
820418
820412
103
2
2
820505
2
820404
820406
820418
820454
820454
2
2
820422
820416
820436
2
820434
820523
820606
820414
2
820410
820418
820455
2
2
102
820414
820434
820427
820419
2
2
820419
100
820457
820423
820405
2
2
820421
820401
103
2
820422
820502
2
820402
820436
820406
2
820415
106
109
2
820408
820402
820414
820408
2
820604
820420
2
820425
820434
103
2
2
820401
820454
820456
820453
820410
2
2
103
820422
820429
820404
2
820513
2
100
820451
100
2
820451
104
107
820416
103
820408
2
820406
2
2
2
820432
820427
820451
100
820517
2
820454
820452
820455
103
820412
2
2
820453
103
820416
2
820407
820512
2
100
820455
820422
102
103
2
2
820410
820410
2
820416
820404
2
820608
2
820435
820420
103
820436
2
2
101
101
820412
820420
820427
2
2
820425
820418
820454
820436
820432
2
2
820451
100
820453
820457
820452
2
2
820415
820456
2
100
820433
2