1
0
259
2
820417
820418
820435
820405
820407
2
2
820413
820403
1
820417
820411
2
2
1
2
820405
100
820403
820519
2
1
820456
2
820435
820420
820521
2
820433
820409
2
102
820457
820523
2
820431
820451
1
820431
820409
2
2
2
100
820409
820406
103
820512
2
820436
1
100
820402
103
2
820604
820429
820452
101
1
2
2
2
103
2
820420
1
1
820508
820606
2
2
820453
820453
820413
104
2
1
820410
820422
820456
820423
2
2
820407
1
820451
2
820405
820515
2
100
820431
820411
820433
100
2
2
820427
820415
820429
820411
820419
2
2
820421
820433
820457
820425
820410
2
2
101
820457
102
1
2
104
2
820434
103
1
820401
100
2
107
820404
2
820419
100
820435
2
2
820435
820429
820433
1
820431
2
107
820455
820422
2
820404
2
820510
2
100
820405
1
2
820456
820514
2
2
820455
820425
103
1
106
2
2
100
820415
100
103
820504
2
1
820416
820412
820420
820427
2
820608
820422
2
820403
820409
101
2
820603
820406
103
820434
103
2
2
2
820415
101
820423
100
820417
2
820607
820453
820414
2
820421
820401
2
2
820423
100
820413
100
820425
2
820601
820409
2
820431
820457
2
820503
820602
820432
102
2
820419
101
2
2
820412
103
1
820415
820406
2
2
820452
820420
820456
820423
100
2
2
102
1
820421
820451
100
2
2
100
100
101
103
1
2
820610
820414
820402
103
2
820414
2