1
0
259
2
820417
820423
820409
100
1
2
2
100
820435
820421
820419
820407
2
2
820419
100
820451
2
1
104
820605
100
2
820407
820415
1
2
2
820454
820417
820423
2
820419
104
820601
1
2
101
820413
820421
2
2
820433
100
100
1
2
820505
820603
820455
2
2
820435
820405
820521
2
1
2
820420
820455
820436
820514
2
820432
820434
103
103
820410
2
2
820453
820421
820405
100
820417
2
2
820451
820413
100
2
820435
820509
2
1
820451
100
820433
820433
2
2
820407
820433
1
820417
820431
2
2
820401
820407
820431
100
820413
2
2
820421
100
1
820431
100
2
2
820423
820419
102
820425
820455
2
2
1
820453
820413
100
2
106
820604
2
2
820411
820407
820423
820523
820610
1
2
820456
820456
820457
2
2
102
820425
101
2
820411
820517
107
820457
2
2
820408
103
820502
2
1
100
100
820403
820453
2
2
820456
820422
820455
2
1
820504
820608
820404
2
2
820434
820408
820512
2
1
820402
820402
103
103
2
2
820406
820408
820422
820436
820406
2
820609
820435
1
2
820451
101
2
2
820413
820405
2
100
100
820501
2
2
820452
820419
820421
102
105
2
820415
820401
820433
820452
1
2
2
103
820432
820435
820405
820409
2
2
103
820406
1
103
820412
2
2
820409
820431
820457
820411
820415
2
2
820422
820456
1
2
100
104
2
100
820415
820417
820423
820403
2
2
103
820410
103
820412
820416
2