2
0
252
2
103
200020
200022
200004
200121
2
2
2
101
101
200120
200117
200226
2
103
103
200008
200028
200014
2
200320
200028
200004
2
2
101
104
2
200004
200022
103
103
200010
2
2
200020
200018
103
200018
200026
2
2
101
200117
200122
200118
200114
2
2
200101
200121
103
2
2
105
109
200024
200028
2
2
100
200227
2
200016
103
103
200006
200008
2
2
200105
200021
200109
200111
200039
2
2
200006
103
200004
200012
2
2
2
200117
200119
200108
200102
200120
2
2
200109
200111
200020
103
103
2
2
200102
200115
200117
200112
200118
2
2
200111
200012
200012
200030
200022
2
2
200022
200010
2
2
100
104
2
200108
200108
200121
200115
200109
2
2
200112
200107
200102
200122
200110
2
2
103
200016
200014
200022
103
2
2
101
200106
200013
200121
200029
2
2
200104
200101
200107
200108
103
2
109
200018
200030
200024
2
200020
106
2
200010
200008
200016
200024
103
2
2
2
2
100
200110
200104
106
2
200014
200024
103
103
200028
2
2
200026
200026
200028
200016
2
2
2
100
200109
200035
101
200108
2
200319
200110
200006
200026
200040
2
200225
200303
200012
2
2
100
200105
106
2
2
101
101
200119
200018
2
2
2
101
200113
200015
200113
2
2
200121
200033
101
200107
200107
2
2
200122
200113
200119
200106
200111
2
200305
200113
103
2
2
100
200229
2
200103
200014
200030
200010
200012
2