2
0
182
2
820408
820422
103
2
820414
106
2
2
820406
820414
820412
820412
820515
820605
2
820412
103
820434
103
2
2
2
102
820429
820454
820454
820508
2
820422
820416
820436
2
820434
820523
820606
820418
2
2
820421
820455
820510
2
820436
820434
820434
820422
820432
2
2
820407
100
820407
820452
820453
2
2
100
820456
2
820429
101
820502
2
820413
820404
2
100
820436
106
2
103
820408
820402
820414
820408
2
2
820420
820418
820412
820420
102
2
2
100
101
820456
820457
820420
2
820610
820414
2
820418
820404
820416
2
2
100
820451
100
2
820429
820514
109
820416
2
820410
103
820404
2
2
820404
820432
820427
820451
2
104
820601
820454
2
820452
820418
820418
2
2
820457
103
820416
820406
2
820512
2
820421
820455
820455
102
820422
2
2
103
820410
820422
820416
103
2
2
820425
820435
820408
2
820451
104
2
820453
820454
103
820432
820402
2
2
820409
101
820417
820408
820427
2
2
820451
100
820453
820453
820452
2
2
820456
820453
820425
2
2
2