1
0
287
2
820425
820417
820423
820427
1
2
2
820417
820401
100
820433
820421
2
2
100
820423
820421
820453
1
2
2
101
101
820451
820409
820401
2
820604
820435
100
1
820403
100
2
2
2
2
820415
100
820454
106
2
1
2
820407
820422
102
820508
2
820432
820436
2
2
820409
820519
2
820423
820429
102
103
1
2
2
820420
102
2
2
820415
820509
2
1
820419
820405
101
820451
820504
2
820406
103
820410
820420
2
2
2
820415
101
820435
820412
1
2
2
820434
820406
103
820416
820432
2
2
101
820456
820455
102
1
2
2
820433
820407
2
100
820433
104
820603
820414
2
1
101
820456
820503
2
820431
820411
101
820451
2
2
2
1
100
820401
820401
100
820505
2
102
820416
820406
2
820414
106
820602
820402
1
820402
103
820406
2
2
820453
820452
820429
103
820402
2
2
100
820409
1
820423
820403
2
2
820405
100
820403
100
820411
2
2
103
820410
103
820414
1
2
820610
820404
2
2
100
820418
2
2
820403
820433
100
1
820455
820507
2
820429
820414
820412
2
103
820510
2
2
2
101
820411
103
820502
2
1
820402
820414
820410
820412
2
2
100
820435
820433
820413
100
2
2
820436
820404
103
820404
1
2
2
820455
103
103
820406
820436
2
820606
820416
103
1
2
820453
820501
2
820454
820455
820456
820456
820434
2
109
103
820408
820434
2
1
2
2
820427
820421
100
100
2
2
2
820452
820434
1
2
820431
104
2
100
100
820457
820455
820408
2
2
2
1
102
820418
820425
820514
2
2
103
820404
820402
820420
820506