1
0
259
2
820417
820451
2
820421
820407
820523
820609
100
820456
1
820417
2
2
2
820452
2
820435
820403
820415
820517
2
820418
820425
1
2
820453
820502
2
1
1
820415
100
100
2
2
820419
820433
820403
100
2
820505
2
820433
100
820431
820413
820431
2
2
820423
1
100
820407
820433
2
2
820425
820413
101
101
820412
2
2
103
820436
1
100
820414
2
2
820413
820431
103
1
820417
2
2
1
820405
820421
820435
100
2
2
820403
820417
820411
820425
820405
2
820605
2
100
103
820404
2
820501
107
2
820415
100
820411
2
820510
2
820456
820453
1
2
820403
820513
2
100
100
820410
1
2
820504
2
101
820457
820456
2
101
820506
109
2
2
820423
820433
100
106
820604
2
820421
820419
2
820401
820503
2
820454
820429
820409
820401
820419
2
2
820455
820404
1
820410
820410
2
2
820405
1
820401
820456
820456
2
820603
1
2
102
820420
820435
2
109
1
2
820433
820405
103
2
2
1
820414
820404
820402
820455
2
820608
820412
820432
820436
2
2
104
2
820406
820412
820420
103
2
820514
2
820432
1
820452
820415
101
2
2
820415
820401
1
1
820408
2
2
100
100
100
820422
820432
2
820607
820421
100
820405
2
820427
2
2
2
820422
1
103
820406
820509
2
820427
820423
820407
820423
100
2
2
102
820420
2
820451
100
820511
2
820435
820409
101
820454
820429
2
2
103
820402
820429
820406
820422
2