2
0
196
2
102
820436
820406
820402
2
820514
2
103
2
2
820433
820401
2
2
820401
101
820452
2
103
820506
2
820434
2
820418
103
820408
106
2
820402
820404
820432
2
820432
2
2
102
820410
103
820408
2
2
820601
820411
2
820413
100
2
104
2
820453
820408
820402
820414
820420
2
2
820457
2
820416
820420
102
106
2
820422
820434
820410
2
820410
820523
107
100
2
820421
820452
820453
2
820606
820416
2
2
101
820456
820512
2
2
820414
820422
820429
820409
105
2
820420
103
2
820436
820406
820508
2
2
820415
100
2
820403
820517
2
101
820429
820407
820405
101
2
2
820414
2
2
101
820455
820510
2
820412
820406
103
2
820404
2
2
820455
820452
820427
102
103
2
2
820415
2
820453
820425
820417
2
2
820451
2
100
820421
820451
820505
2
100
820407
820423
2
820435
104
2
101
820432
820408
820412
820422
2
2
820406
2
2
820451
820421
104
2
820408
103
2
2
820433
105
2
820404
820418
102
820434
2
106
820604
820410
2
2
820415
820405
2
2
820435
2
820417
820409
820411
820521