2
0
182
2
820410
103
820436
2
103
820502
109
2
103
820414
820436
2
2
820603
100
820402
103
820416
2
2
2
820429
102
820425
101
820418
2
2
102
820406
103
820408
820429
2
2
820422
820427
820427
2
103
820514
2
820412
820416
820416
820418
820454
2
2
820423
100
820417
2
820407
820503
2
2
820401
820401
820403
820427
820511
2
103
103
820412
2
2
820512
109
820414
2
103
820412
820414
2
2
101
820420
820457
820404
103
2
2
820402
820436
820418
820454
820451
2
2
820416
820414
820422
820410
820416
2
2
820457
820451
820409
820401
820403
2
820610
103
2
101
820406
820402
2
2
101
820455
820435
820411
820415
2
2
2
2
820452
820420
820412
820506
2
820420
820412
820432
820427
101
2
2
820454
820418
820456
820421
820435
2
2
820436
820434
820420
820402
820404
2
2
820418
103
820404
2
820457
820505
820601
100
2
103
820414
820436
2
2
820451
101
820429
102
820456
2
2
820421
820457
820419
820433
820401
2
820608
103
820432
2
101
820452
2