4
0
126
2
2
100
100
101
200117
200229
2
200008
200113
103
200010
200014
2
2
101
101
101
101
101
2
2
100
101
200108
200116
200109
2
109
200024
200018
103
200006
2
2
2
2
101
101
200108
103
2
2
2
100
100
101
101
2
2
2
100
100
100
100
2
2
2
100
100
100
100
104
2
100
100
100
100
100
2
2
101
101
101
101
101
2
107
100
2
100
100
100
104
2
103
103
200010
200032
200022
2
2
101
101
101
101
101
2
2
101
101
101
101
101
2
200317
100
2
2
100
100
104
2
100
100
100
100
100
2
2
101
101
101
101
101
2