2
0
175
2
820408
100
2
2
820434
820513
2
2
2
100
100
820455
820508
2
820418
820457
820420
820432
820436
2
2
2
820413
820401
820413
101
106
2
103
820432
820410
820402
820425
2
2
820423
101
820416
820410
103
2
2
820401
820427
820413
820419
820457
2
820607
820452
820410
820418
820427
2
2
2
820429
820422
103
103
820416
2
820602
820422
820425
101
820415
2
820523
107
100
820452
820425
2
2
2
2
820453
820455
820408
820436
820456
2
820609
820421
820401
820407
2
102
820517
2
820425
101
101
820455
2
2
2
2
820451
100
820411
820451
105
2
820432
820416
103
103
2
2
2
820451
100
2
101
820414
2
2
820410
820408
820406
2
820422
820509
2
2
2
820435
820451
820431
104
2
820413
820403
820453
102
820412
2
2
100
820436
820417
820409
2
2
820606
820406
2
2
820405
820427
2
2
100
820423
100
2
820453
820506
2
820427
103
103
820406
820429
2
2
100
820415
820409
820453
103
2