1
0
287
2
200122
200117
200012
2
101
200220
2
1
200019
100
200121
200043
2
2
200014
103
2
200022
200036
2
200309
200103
2
200011
101
200019
2
200307
200019
2
101
200112
2
2
2
100
200025
200032
2
200016
200222
2
1
100
200023
200106
200035
2
2
200005
200109
200043
100
200110
2
2
1
200103
200007
100
200013
2
2
200021
100
200121
200103
200115
2
2
1
200023
100
200011
200011
2
2
200025
200113
200115
2
2
106
109
200016
1
2
200118
200021
2
2
200113
200039
101
200019
200109
2
200310
200006
2
2
100
200037
200213
2
200120
200105
200104
101
200004
2
200312
200004
2
2
200027
100
2
2
200009
200027
100
200117
2
2
2
100
200102
200024
200030
200010
2
2
200110
200011
200037
200031
101
2
200315
200015
2
103
200026
1
2
2
200104
100
200118
200119
200112
2
2
1
2
200117
200115
200041
104
2
200024
200006
103
200046
200028
2
2
200043
101
2
1
200104
200216
2
200108
200013
100
2
200108
200205
2
100
200007
200005
200101
2
2
2
200119
200022
1
2
100
200229
2
2
200009
101
200032
200046
2
2
101
200020
2
2
200105
200218
200314
200018
1
200028
103
200022
2
2
2
200110
200122
103
200032
200210
2
2
200037
101
200045
200027
2
2
1
2
200116
200012
103
200206
2
200012
103
200016
200052
2
2
2
1
200111
200031
200104
200025
104
2
200101
200115
200029
101
200052
2
2
2
200024
200046
2
200014
106
2
103
200030
200004
200016
2
2
2
200008
200010
2
200008
103
2
2
200106
200046
2
1
200029
104