4
0
147
2
103
200014
200026
2
200038
200229
200307
200046
2
2
100
200019
2
2
2
200018
200032
200004
200020
106
2
2
2
200038
200052
200014
106
200314
2
200012
200024
103
2
2
2
200029
200015
200033
101
2
2
2
101
200031
200021
2
200111
200210
200306
2
2
200005
100
200036
2
2
100
200038
2
200032
200030
200216
200318
200018
2
200040
103
2
200206
200304
200040
200046
2
2
101
200203
107
200103
2
200046
200046
2
2
2
2
2
200111
200010
103
200224
200317
2
200104
200023
2
101
200218
2
200026
200032
103
200008
200018
2
2
200024
200004
2
200006
103
2
2
200009
100
200037
200019
200011
2
2
101
200101
200101
200110
2
2
2
200006
200026
2
2
101
200208
2
2
2
101
200105
200110
200211
2
101
200106
200020
200020
2
2