1
0
259
2
820405
820413
820415
820431
820454
2
820608
103
1
1
2
820411
2
2
820419
2
820457
820452
102
820506
2
820455
1
820455
2
820403
820507
2
1
2
820409
820407
820401
104
2
820403
820415
102
820408
820408
2
2
820407
820432
820436
2
103
820512
820610
1
2
820433
100
101
2
2
820431
820417
1
820434
1
2
2
103
820414
820416
820436
820410
2
2
820418
820408
820414
2
820432
820514
2
820416
2
820420
820455
820420
106
2
820420
820423
100
820410
1
2
2
1
100
820452
820457
820406
2
2
1
820425
820417
100
2
820517
2
820422
820457
103
1
820412
2
2
101
820421
2
820417
820409
820508
109
2
820436
2
820409
820417
820510
2
820414
820412
2
820421
820421
104
2
103
103
103
103
820416
2
2
820427
820435
100
820401
820407
2
2
2
820429
820402
820414
1
820521
2
820421
820456
820421
820456
820423
2
2
102
2
820425
820422
820427
820509
2
820434
1
820422
820412
820404
2
820605
100
100
820403
2
820436
2
820606
820406
1
2
103
2
820505
2
2
820455
820423
100
100
820519
2
820435
820401
100
820406
103
2
2
101
820454
820419
820453
1
2
2
820411
100
820454
820435
820414
2
820602
2
1
820401
820419
820435
2
820604
1
102
1
102
2
2
2
2
820409
820405
820451
100
105
820609
2
820407
100
820403
820433
2
2
820457
820452
103
820416
2
820515
820601
820425
820419
820407
1
2
2