1
0
259
2
820413
820409
820405
820421
820407
2
107
1
820403
2
820425
820411
2
2
820452
820425
820434
1
820402
2
2
2
820410
103
1
1
820509
820604
1
820413
2
2
820431
820523
820601
820431
820431
1
820412
2
2
2
820405
100
1
1
820403
2
2
2
820419
820403
820431
820417
820511
2
103
2
101
101
820412
820504
2
820412
820436
820432
820435
1
2
2
820407
820405
820401
820419
820406
2
2
1
820401
820409
820403
1
2
2
820403
820417
820453
820417
820405
2
2
820435
100
100
103
1
2
107
101
820415
2
100
820436
2
2
820454
820411
100
100
820425
2
820610
820416
2
820421
820454
820404
2
2
2
820423
820431
820423
100
820513
2
820453
820421
2
820433
100
820508
2
820418
820429
820417
100
820421
2
820609
820402
2
103
820410
2
104
2
820451
820407
100
820456
820434
2
2
820423
100
102
820408
1
2
2
820417
820453
820433
820436
2
104
2
820406
102
820404
103
2
106
109
2
103
2
820409
820409
820517
2
820457
820432
820455
2
820419
820510
2
1
820451
820423
101
820416
2
2
820415
820404
820410
2
820433
820501
2
2
100
820407
820405
820429
820512
2
820401
101
820415
820401
820415
2
820602
820432
103
820412
2
820413
2
2
820434
820422
1
2
101
820505
2
100
820457
2
820411
100
105
2
102
1
820427
820415
2
820507
2
820408
1
101
820455
1
2
2
100
1
100
820402
820423
2