2
0
196
2
2
2
820421
820415
820429
820503
2
2
2
820454
820456
820422
820511
2
2
2
820418
103
103
820510
2
2
820421
820433
820431
100
2
820607
820413
820417
820457
2
2
2
2
820434
100
2
100
820457
2
2
101
820454
2
820421
820404
2
2
820412
820402
820436
2
2
820512
107
820455
2
820431
820409
100
2
2
820431
820407
101
820451
101
2
2
820420
820427
820456
820419
101
2
2
820436
820436
103
103
820436
2
2
820411
820457
820432
820406
103
2
2
100
820412
820417
820411
2
2
2
820415
820435
2
2
820451
106
109
103
2
2
2
820421
820523
2
2
820409
100
100
820411
2
820606
103
2
2
820453
820452
2
2
103
820434
820410
103
820416
2
2
820419
100
820423
820423
2
2
2
100
820413
820419
820452
820403
2
2
820427
820419
100
101
820427
2
2
2
2
100
820454
820418
820504
109
2
2
820406
103
820406
2
820604
820432
2
2
2
820417
820501
2
2
820415
820414
820407
820423
820514
2
820414
820456
820452
820427
820433
2
2
2
2
820434
820422
820425
820513