2
0
182
2
820412
103
820402
820422
820432
2
2
820420
103
103
820432
820454
2
2
820457
820453
820436
820416
103
2
2
820451
101
820429
102
820404
2
2
820434
103
820414
2
820453
820523
2
2
820422
102
820425
820455
820512
2
820432
820408
820412
820410
820408
2
820609
820431
820417
820457
2
2
820517
820601
820419
2
2
820418
103
820514
109
2
820416
103
2
2
820508
109
103
2
820410
820404
820436
2
2
820436
820436
820432
820435
820407
2
2
820455
820423
820435
820421
820413
2
2
103
820412
820420
103
820412
2
2
820401
100
820409
2
101
820510
820610
103
2
820434
103
820414
2
2
2
102
820427
820415
820403
104
2
2
820454
820453
820420
2
106
820608
820416
820406
103
2
2
2
2
820453
820451
820417
820429
102
2
2
820422
820404
820406
820402
820420
2
2
101
820435
100
820409
820451
2
2
820414
820434
820416
820436
820434
2
2
820454
101
820452
820414
103
2
2
820405
820401
820421
820454
820418
2
2
103
820414
820422
820408
820416
2