1
0
259
2
820411
820405
820453
820409
100
2
2
820419
820403
1
100
820405
2
2
820425
820425
820415
820435
820421
2
2
100
820423
100
820451
1
2
2
820403
820419
820433
100
820433
2
2
820415
820417
820455
820423
100
2
2
820405
820431
820421
1
2
820519
107
820453
820413
100
2
1
2
2
2
820453
820454
820457
820406
106
2
1
820422
820410
103
2
820515
820607
820417
2
2
820415
820411
820507
2
1
2
100
820407
820413
104
2
2
101
820451
820413
820419
820509
2
100
100
820405
820456
1
2
2
820435
820411
2
100
820409
104
2
820433
820435
1
2
820455
105
820605
820407
2
102
820455
820422
2
2
820452
820454
2
1
820420
106
820602
820434
2
2
820431
100
820521
2
1
2
100
820405
100
820523
2
820455
820456
1
2
820431
104
820609
820456
2
820408
103
820434
2
2
820409
100
100
820453
2
820501
107
820413
820452
101
2
1
2
2
820408
820410
820402
820434
820432
2
2
1
820415
820413
820419
2
820504
820606
820406
2
820434
103
820410
2
2
820431
820421
820403
820425
820425
2
2
820401
820407
1
2
820423
820517
2
2
820409
820431
820422
102
820513
2
1
100
820411
820417
2
820508
820604
820404
1
2
100
100
2
2
820432
820404
2
103
103
820510
2
1
100
820407
100
820417
2
2
820427
820429
1
820429
820453
2
2
100
820433
820423
820452
101
2
2
103
820408
820406
820432
820408
2