2
0
301
2
2
2
2
2
2
2
2
2
2
2
2
2
2
107
820431
2
2
2
2
2
820602
100
2
2
2
101
820509
2
2
2
820403
820457
103
820504
2
2
2
2
2
2
2
2
2
820453
820433
2
820436
106
2
2
2
820451
820422
2
2
2
2
2
103
820410
2
2
2
2
2
2
820408
820434
2
2
2
2
2
2
2
2
2
2
820417
101
2
820425
820501
2
100
100
820419
2
2
2
820610
820434
2
2
820409
820409
2
2
100
820419
2
2
100
820507
2
820425
101
102
2
2
2
2
2
2
2
820425
820407
820510
2
2
2
820411
820413
2
2
2
820405
820421
820401
2
2
2
2
2
2
2
2
2
2
2
103
820406
2
820418
102
2
2
2
2
100
820423
820421
104
2
820406
103
2
2
820452
105
2
2
2
2
2
820420
820511
107
820409
2
820425
101
2
2
2
820416
820412
820416
2
2
2
2
2
2
2
820420
820416
2
2
820407
820411
101
103
2
2
2
820435
820452
103
820414
2
2
2
101
820422
2
820429
820451
2
2
100
820451
820413
101
2
2
2
820415
100
100
820419
2
2
2
820420
102
2
2
101
820513
2
2
2
820414
820436
103
2
2
820455
820457
2
2
820402
106
2
2
2
820418
102
820404
820506
2
2
2
2
820401
820435
2
2
2
820405
100
2
2
2
2
820404
820414
2
2
820453
820523
820601
2
820407
820417
2
2
2
2
2
2
2
2
2
2
2
820414
820434
2
2
2
2
2
103
820418
2
820404
103
2