1
0
252
2
200018
200012
200016
200022
200004
2
2
200105
200029
200105
200041
200043
2
200307
200037
1
200103
200117
200108
200213
2
200113
200111
200013
200120
200006
2
2
200110
200025
200102
200017
200122
2
200316
200028
200016
200052
200016
2
200214
200306
200020
200008
2
1
200007
200219
2
200115
200122
200017
200118
200029
2
200312
200014
200046
200046
1
2
2
2
200008
200006
200010
200006
200026
2
2
200101
200108
200107
200119
200010
2
2
200118
200121
200029
200105
200011
2
200322
200024
200024
1
200014
200046
200223
2
200120
200045
200019
200106
200105
2
2
200122
200018
200028
200046
1
2
2
200108
200118
200108
200121
200033
2
2
200114
200115
200025
1
200039
200217
2
200107
200031
200009
200019
2
200210
200318
2
1
200114
200101
200101
200206
2
200010
200010
200026
200008
200030
2
2
200017
200120
200031
200039
200109
2
2
200023
200041
200043
200027
200015
2
200317
200109
2
200040
200012
200014
200226
2
200022
200020
200024
1
200020
200204
2
2
200117
200023
200025
200106
2
200305
200019
200105
200022
200004
2
200216
200304
200004
1
2
200114
200119
200203
2
200111
200114
200021
200112
200107
2
2
200103
200022
200036
200028
200008
2
2
200121
200043
200109
200023
200104
2
200308
200046
200004
200030
1
200052
200205
2
200106
200023
200037
200029
200027
2
2
1
200019
200110
200113
200019
200207
2
200013
200110
200119
200015
200112
2
200310
200006
200028
200014
200024
2
200208
200320
200012
2
2
200005
200115
200220