2
0
287
2
200107
200013
101
200018
2
2
2
2
103
200040
200115
200020
2
2
101
200033
200108
2
103
200214
2
2
200106
200027
200005
200035
2
200312
200040
2
2
200122
200108
2
2
200121
200121
200029
200032
2
2
2
2
101
200109
2
200102
200222
200307
200115
200114
2
101
200110
200204
2
200030
103
2
2
200105
200211
2
200024
200008
200022
2
2
106
200316
2
2
100
100
200015
2
2
100
200023
200104
200045
101
2
2
200031
200104
200039
100
200107
2
2
200109
200014
103
2
200052
200223
2
101
200019
2
200030
200010
2
200310
200032
200010
200012
2
2
2
2
200114
200043
100
200118
2
2
200314
103
2
2
200110
200019
2
2
100
200108
200116
200021
200017
2
2
200101
200005
200019
101
200116
2
2
200023
101
200106
2
200009
105
2
200008
200024
200010
2
2
200215
200318
200028
2
2
100
200027
2
2
200033
200052
200028
2
200012
200224
200319
200015
2
200118
200029
101
2
2
101
200122
200107
200013
200041
2
2
2
200115
200120
103
103
2
2
200116
200015
100
200039
200011
2
200306
103
2
2
2
200119
106
2
200103
200030
2
200038
200038
2
108
200022
103
200006
2
2
2
2
2
2
100
200009
200113
200206
2
2
200107
200008
200020
200014
2
2
200122
200031
2
200041
200028
2
2
2
2
101
200120
200043
200221
2
200011
200119
2
100
101
200227
2
200106
200020
2
200019
100
2
2
200009
100
200103
200102
2
2
200320
200018
2
2
103
200022
2
2
100
101
200024
200008
2
2
2
200041
200102
200035
101
200109
2