2
0
175
820609
100
820453
820457
2
820402
106
109
820418
2
820410
820408
103
2
2
820432
820456
103
103
820416
2
2
820410
820427
101
101
820456
2
109
103
2
2
820452
820453
2
2
100
102
820434
820422
820429
2
107
820452
820454
820452
2
820427
104
2
820434
103
103
820436
2
2
2
101
101
820455
820402
820436
2
2
102
820406
103
820412
820410
2
2
820436
103
2
2
100
104
2
100
820451
820451
820451
100
2
2
103
103
820402
820404
820408
2
2
820402
820412
820414
103
103
2
2
820406
820432
2
103
820434
106
2
103
820410
2
820406
103
2
2
820457
820452
820456
102
102
2
2
820455
820408
103
103
820412
2
2
2
100
100
100
820451
820501
2
101
820457
820453
820455
103
2
2
820451
100
2
820454
820455
105
2
2
100
100
820410
820457
2
2
100
820455
102
820434
820406
2
2
103
103
820416
820414
2
2
2
100
101
820454
820453
820452
2