1
0
287
2
820452
820457
1
820431
820403
2
2
820409
820411
820405
820419
820433
2
2
1
820433
820455
820452
820410
2
2
820433
820453
820412
103
820432
2
2
820412
820416
103
820434
1
2
2
820407
820405
820456
820457
820404
2
2
820435
100
820433
1
820417
104
2
820431
820401
820454
820453
820455
2
2
1
2
820413
820405
820427
820502
2
2
2
820403
820407
100
820517
2
1
100
820435
820403
100
2
2
2
2
820421
100
820431
820505
2
100
820423
1
820409
820456
2
2
820456
820420
820429
103
820420
2
2
820434
820434
820436
1
820406
820506
2
2
2
820409
820423
820419
820513
2
820416
820436
103
820412
1
2
2
2
2
100
100
820409
820509
2
1
103
103
820406
820414
2
2
820411
100
820407
100
2
2
107
820453
102
820416
820414
1
2
820604
820418
2
2
820416
103
2
2
820413
820407
1
100
101
2
2
100
820409
820423
820417
820415
2
2
820436
820402
2
1
820405
820501
2
820455
820422
102
820432
2
2
2
1
820425
820420
2
820418
820523
820609
820423
2
820453
103
103
2
2
2
820456
820408
1
820402
820515
2
2
2
100
820454
820454
820519
2
102
820427
820451
100
820407
2
820607
820457
820435
820406
2
1
2
2
820408
103
2
2
820452
820511
820605
820415
820415
1
2
103
820512
2
820429
820419
100
820456
102
2
2
100
820417
820432
1
2
820514
820610
820420
2
2
2
820408
106
2
820432
820414
1
820436
103
2
2
820421
100
820401
2
2
820508
109
103
2
820418
820418
1
2
2
2
820410
820404
820429
820412
2