1
0
259
2
820453
820409
820405
820421
820407
2
820605
2
820403
1
820431
820411
2
2
820452
1
820403
100
820415
2
2
820433
820417
2
820435
1
820504
2
820413
820413
2
100
100
104
2
820431
2
100
100
820421
820515
820603
820411
2
820409
820419
820431
2
2
820423
2
100
820417
820435
820519
2
100
820421
101
101
1
2
2
103
820436
820432
103
1
2
2
820419
1
1
100
820409
2
820606
820418
820454
820421
2
820423
2
2
820403
820453
820423
820407
820405
2
820610
2
100
820451
102
820425
2
2
1
820411
100
820411
820453
2
2
820406
820420
820457
820451
820401
2
820601
100
2
100
820425
820412
2
2
101
820418
820429
2
1
820517
2
820410
1
820431
2
100
820521
2
820408
1
820419
820403
1
2
2
820435
2
820417
820423
820403
104
820609
2
820423
103
820418
820410
2
2
820405
820407
820418
820456
820456
2
820607
820456
820404
102
2
101
2
2
820414
1
820433
820436
103
2
2
1
820431
820435
2
820406
105
2
820412
103
1
820409
100
2
2
820429
820457
820420
103
820434
2
2
820407
820419
820455
2
820416
820508
2
1
100
100
101
2
820512
2
1
820415
820413
820401
2
104
820602
2
100
2
100
100
820509
2
820432
820416
820436
103
820420
2
2
820427
820433
820401
820413
2
820501
2
102
820427
820408
2
820419
820505
2
820421
820456
1
820455
820432
2
820608
2
820402
820456
820406
1
2