2
0
182
2
820404
820422
103
820432
820414
2
2
820409
820405
820453
820454
103
2
2
103
820412
820414
820434
820436
2
2
820422
820434
820425
820405
820455
2
2
2
103
820404
820457
820413
106
2
820402
820435
2
820429
820454
820510
2
820436
103
820434
2
820408
106
2
2
100
820415
820452
820433
820502
2
100
100
2
820427
820451
820507
2
820455
820425
103
820420
820422
2
2
103
820406
820402
820414
103
2
2
820420
820414
820412
2
820427
820523
2
820454
102
820406
820404
820429
2
2
820434
820408
820422
820412
820402
2
2
100
820451
820407
2
820417
820514
109
820416
2
820410
2
820404
820506
2
820425
101
820411
820415
101
2
107
100
2
820452
103
820418
2
107
820457
103
2
820402
2
820503
2
820417
820455
820427
820453
102
2
109
103
820410
820416
820416
2
2
820604
2
101
101
2
100
820511
2
820451
820432
103
820410
2
820513
2
101
820452
820454
820408
103
2
2
820401
820429
2
820433
820452
2
2
820415
820401
2
820422
820457
2