1
0
259
2
820411
100
820433
2
820413
820513
2
1
820418
820435
820431
820419
2
2
820407
820454
1
2
100
820517
2
820419
820409
820451
820422
1
2
820601
820417
820423
820417
820407
2
2
107
820435
1
2
820403
820433
2
2
820453
820452
820419
100
1
2
107
820421
820419
100
820411
2
2
2
820452
820451
101
820455
820410
2
2
820432
820432
820410
820402
820412
2
2
2
100
820407
820451
820435
820501
2
1
820421
820411
100
820456
2
2
820433
820413
820421
820421
820407
2
2
100
100
820401
820425
1
2
2
820409
100
100
820417
820403
2
2
820457
820422
1
2
820411
104
2
2
820410
820406
103
1
820502
109
820434
2
2
820415
100
820521
2
1
2
100
820409
100
820512
2
820456
820455
1
2
100
104
820605
101
2
820408
820436
820432
2
2
100
820433
100
820457
820422
2
2
1
2
820456
820435
820452
820511
2
820408
820402
820404
820408
820408
2
2
820422
103
820402
1
2
820504
109
820404
2
2
820433
820417
104
2
103
820404
820422
820456
1
2
2
820425
820401
820403
100
820453
2
2
820423
820435
101
820413
100
2
2
820415
100
100
820453
820455
2
2
100
820405
820423
100
1
2
820606
103
2
2
2
820423
820509
820610
820402
1
2
103
820436
2
2
100
820415
820453
820419
820409
2
2
820429
820425
1
100
820401
2
2
100
820431
820415
820452
820420
2
2
820406
820406
103
820420
1
2