1
-7306
294
2
103
2
2
100
820411
1
2
820410
820412
820422
820414
103
2
2
100
820411
820415
820454
820412
2
1
820409
100
2
820411
820429
2
109
820408
820410
2
820412
1
2
2
820411
2
100
820413
820413
2
2
820420
102
1
2
820415
2
820609
820413
820413
102
2
2
104
2
820415
820415
100
2
820454
1
2
820417
820417
2
820415
100
820509
2
2
820433
100
2
820417
1
2
100
820419
101
820410
820410
2
2
820456
820454
820454
820408
103
2
2
2
820421
100
820425
820433
2
1
2
101
2
103
820408
820514
1
2
100
820455
820455
102
2
2
820457
102
820408
820434
103
2
2
2
1
820417
820417
100
820512
2
820429
820423
101
820456
820434
2
2
103
2
2
820433
820455
1
2
102
820408
103
820406
820422
2
2
820433
100
2
820419
820456
820521
1
2
100
820433
820427
2
105
1
820434
103
820434
820418
2
2
2
820406
103
820406
2
103
1
2
820451
820455
820427
820421
820419
2
2
820404
820434
103
2
820406
820504
820604
1
820406
820404
820404
2
2
2
820419
2
820419
100
820457
106
2
820402
820404
820418
102
820404
2
1
820421
100
820421
101
2
2
2
820423
820456
102
103
820402
2
1
820422
820402
103
2
820432
2
109
2
1
100
2
820421
820519
2
102
820418
820429
820402
1
2
2
2
820435
820423
100
101
820502
2
820418
820427
820456
820429
101
2
2
101
820429
820435
820423
820423
2
2
820435
100
1
820435
820435
2
2
101
820432
820402
103
820418
2
2
100
820457
820457
820457
103
2
2
820432
1
820432
820432
2
2