1
0
259
2
820435
820401
100
101
1
2
2
820411
820411
820456
820423
820417
2
2
102
820427
820419
820433
820431
2
2
820452
820409
100
820409
1
2
2
820454
820415
820407
100
820452
2
2
100
820431
1
820413
100
2
2
820423
100
820423
1
2
104
820609
2
101
820421
100
820454
2
2
820420
820454
1
2
820404
820506
2
820406
820412
820432
820454
1
2
2
100
820419
2
820421
100
820509
2
1
2
100
820401
100
820512
2
2
1
820415
820431
100
820513
2
820413
100
820405
2
1
820515
820601
820405
2
820435
820411
820455
2
2
820422
820418
1
2
101
820511
820607
820409
2
2
100
820407
820519
2
2
820452
820409
1
820410
820514
820602
2
2
820431
820419
820433
820502
109
1
2
820433
100
820421
2
2
820431
100
820417
2
100
820507
107
820456
1
2
820402
820412
2
2
100
100
820454
820451
1
2
820603
100
820417
2
820408
103
2
2
820453
820422
820406
820434
1
2
2
820408
820406
820434
2
820408
820504
109
1
2
820413
100
820435
2
2
820404
103
820418
820410
820432
2
2
820419
820413
820455
820452
820453
2
2
820455
820457
1
820405
820409
2
2
820417
820433
101
820417
820415
2
2
820433
820405
100
2
820413
104
2
820434
103
103
820432
820406
2
2
820407
100
820411
2
820419
104
820605
2
1
2
820455
820423
820501
2
100
820407
100
820427
820425
2
2
820402
103
820420
820406
820402
2