1
0
266
2
820417
820409
820405
820421
820407
2
2
820413
820403
1
820417
820411
2
2
820452
820425
820435
100
820415
2
2
820433
820419
820403
820435
1
2
2
2
820413
820415
100
820413
104
2
820431
820405
1
100
820409
2
2
820411
100
820409
820413
2
820507
107
820423
2
100
820431
1
2
2
2
820421
101
101
820412
820504
2
103
820436
820432
103
1
2
2
820419
820431
2
100
820417
820501
2
1
2
820421
820403
820423
820505
2
820403
820417
820411
820407
820405
2
2
100
100
820451
2
1
820511
107
2
820415
100
820411
820419
2
2
820409
820420
1
2
820401
820513
820601
100
2
100
820425
820403
2
2
101
820457
820425
2
1
820506
109
2
2
820431
820433
100
820521
820604
2
1
820419
820415
820435
2
2
820435
820429
820417
2
820431
820509
820609
820455
2
1
820410
820410
2
2
820405
820407
820401
820456
820456
2
820607
820456
820453
102
2
1
2
820610
820434
2
820433
820436
103
2
2
1
820414
820404
820402
103
2
820608
820412
2
2
820409
100
105
2
820406
103
820420
103
1
2
820603
820407
2
820423
101
101
2
2
820415
820401
1
100
820433
2
2
2
100
100
820405
820425
820519
2
820401
820411
820413
820401
1
2
820602
820432
2
2
820419
100
104
2
820404
103
1
103
820406
2
2
820427
820433
820407
820423
100
2
2
102
820427
1
820427
820421
2
2
820421
820423
101
820455
820457
2
2
103
820402
103
820406
1
2