2
0
182
820604
820410
820408
103
2
2
106
820608
820414
2
820410
820412
2
820517
107
820415
2
820414
103
820434
2
2
820429
102
102
820456
2
2
2
101
820414
103
820404
2
820523
820606
103
820402
2
2
820411
820503
2
820416
103
103
820422
820422
2
2
2
820435
820401
820435
820418
820521
2
2
820421
820403
820429
102
105
2
2
820416
820422
820414
820416
106
2
820432
820434
820402
820436
820420
2
2
103
820436
820436
820420
820457
2
2
820427
820425
820452
820457
820451
2
2
820436
820432
820404
820425
820429
2
2
820457
820451
2
820453
101
820508
820610
820412
2
2
103
103
2
2
2
101
820429
820407
820401
820505
2
820418
820456
820453
820418
820456
2
2
103
820404
820457
820416
820436
2
2
820403
820455
820427
102
820427
2
2
103
820410
820412
2
103
820510
2
820425
820429
820425
820403
820405
2
2
101
820420
820416
103
820414
2
2
820451
820453
820408
103
103
2
2
820401
820403
101
101
2
2
2
820421
820423
820451
820415
820403
2