1
0
259
2
820415
100
820433
820423
820411
2
2
100
820417
1
2
820407
104
2
2
820452
820423
100
100
2
2
820403
820413
820453
820411
820403
2
2
100
820407
820452
820409
820433
2
2
820433
820405
1
820413
820435
2
2
820421
100
820435
1
2
104
107
820423
2
100
820421
1
2
2
820413
820419
101
101
820402
2
2
820406
103
820408
820434
1
2
2
2
820433
820419
100
820421
820509
2
1
820435
820421
100
820415
2
820609
100
2
100
820417
820401
2
2
100
820431
820415
1
2
820517
820603
2
100
820411
820415
820453
2
2
820420
820457
1
2
820452
820512
820605
820435
2
820409
820403
100
2
2
820452
820422
820455
1
2
820523
820602
820432
2
2
820419
820419
820507
2
1
2
100
100
820413
820519
2
820411
820421
2
2
820405
104
820607
101
1
2
820433
100
2
2
820405
820415
100
820452
1
2
820601
101
101
820454
2
2
820502
820610
103
2
2
820414
820416
820514
2
820422
820402
820436
103
1
2
820606
820404
2
820413
820405
100
2
2
820434
103
820404
1
2
820505
107
820417
820456
2
2
820408
106
2
820419
100
1
2
820431
820503
2
820456
820423
100
100
1
2
820604
820410
2
2
820431
820409
820515
109
820408
2
2
820436
820412
820506
2
1
820453
820420
820435
820417
2
2
102
820427
820451
820454
820422
2
2
100
100
820417
820457
820456
2
2
820414
820410
820432
820455
1
2