2
0
182
2
2
820418
820414
820402
820404
820513
2
820416
820408
820410
820412
820410
2
2
820453
820406
820412
820432
820454
2
2
820429
102
820427
820406
820432
2
2
103
820416
820434
2
2
820510
109
820418
2
820405
820407
820457
2
2
820402
820404
103
820422
820418
2
2
820409
820401
820403
820453
820451
2
2
2
820454
101
820451
820427
820521
2
820454
820412
820402
820456
820406
2
2
820412
820434
820429
820404
103
2
2
820457
820420
820416
103
103
2
2
820425
820429
820425
820425
101
2
2
103
820414
820422
103
820414
2
2
820451
820451
820457
2
820455
106
820608
820436
2
2
820410
103
820508
2
2
820455
102
820429
820423
820501
2
2
101
820456
103
820434
820504
2
2
103
820406
820427
102
820511
2
820407
820411
820401
102
820429
2
2
103
103
820418
820416
820436
2
2
820427
820425
103
820408
103
2
2
820455
820436
103
820420
820420
2
2
2
820432
103
820418
820425
105
2
820431
820409
820407
101
101
2
2
820401
820403
820431
820401
100
2