1
0
259
2
820457
820435
820431
820421
100
2
2
820452
820415
820419
820452
1
2
2
102
820429
820417
820403
100
2
2
820419
820433
820413
820456
1
2
2
820431
100
101
820417
820405
2
2
820409
100
101
820435
820435
2
2
820451
100
820423
1
2
820509
820601
820417
2
820433
100
820420
2
2
820413
820456
2
820455
820402
820510
2
1
820432
820402
103
103
2
2
820425
102
1
2
100
820507
2
1
820457
820415
820431
820419
2
2
820435
820417
100
820405
820423
2
2
100
820403
820401
820411
1
2
2
2
820421
100
820407
820427
820511
2
100
820407
1
2
820417
820505
107
820453
2
2
820427
820425
105
2
820406
820434
103
1
2
106
820608
2
2
820451
100
100
820514
820610
820432
1
2
100
820409
2
820609
820423
2
2
820451
100
820519
107
820429
1
2
820410
820408
2
2
100
820431
100
820457
820454
2
2
820456
820455
820455
1
2
820512
820604
820410
2
820434
820432
103
2
2
103
820406
820425
820429
2
820508
109
1
2
100
820413
820421
2
2
820402
820410
820422
820406
820406
2
2
820433
100
1
2
820452
820515
2
2
101
820457
820415
820411
820501
2
820421
820451
100
820409
1
2
820602
820412
2
820435
100
820407
2
2
820434
820404
1
820408
820412
2
2
100
100
820411
820433
820401
2
2
1
2
1
100
820413
820517
2
100
820411
820403
820453
820456
2
2
101
820402
820432
820402
820457
2